tasks = ['MNIST', 'CIFAR-10', 'SVHN', 'USPS']
baseline_forgetting = [42.45, 48.08, 17.624462200368782, 0.0]
nirodha_forgetting = [0.010000000000005116, 0.05000000000000426, 0.023048555623851996, 0.0]
baseline_trajectory = [98.86, 66.65, 51.06589223519771, 60.429073431986204]
nirodha_trajectory = [98.81, 65.84, 62.11163081335792, 69.31343929697196]
